% Intrinsic and Extrinsic Camera Parameters
%
% This script file can be directly executed under Matlab to recover the camera intrinsic and extrinsic parameters.
% IMPORTANT: This file contains neither the structure of the calibration objects nor the image coordinates of the calibration points.
%            All those complementary variables are saved in the complete matlab data file Calib_Results.mat.
% For more information regarding the calibration model visit http://www.vision.caltech.edu/bouguetj/calib_doc/


%-- Focal length:
fc = [ 1923.607362582894211 ; 1945.283933449377173 ];

%-- Principal point:
cc = [ 815.756654326922444 ; 801.977232853265377 ];

%-- Skew coefficient:
alpha_c = 0.000000000000000;

%-- Distortion coefficients:
kc = [ -0.063271044321331 ; 0.152308166268254 ; 0.022443234872145 ; -0.004855744052187 ; 0.000000000000000 ];

%-- Focal length uncertainty:
fc_error = [ 49.457943253433839 ; 51.695451758103282 ];

%-- Principal point uncertainty:
cc_error = [ 26.295312070189748 ; 29.398608031705606 ];

%-- Skew coefficient uncertainty:
alpha_c_error = 0.000000000000000;

%-- Distortion coefficients uncertainty:
kc_error = [ 0.026475035456839 ; 0.124967895398204 ; 0.004026537549174 ; 0.002863028627177 ; 0.000000000000000 ];

%-- Image size:
nx = 1624;
ny = 1224;


%-- Various other variables (may be ignored if you do not use the Matlab Calibration Toolbox):
%-- Those variables are used to control which intrinsic parameters should be optimized

n_ima = 25;						% Number of calibration images
est_fc = [ 1 ; 1 ];					% Estimation indicator of the two focal variables
est_aspect_ratio = 1;				% Estimation indicator of the aspect ratio fc(2)/fc(1)
center_optim = 1;					% Estimation indicator of the principal point
est_alpha = 0;						% Estimation indicator of the skew coefficient
est_dist = [ 1 ; 1 ; 1 ; 1 ; 0 ];	% Estimation indicator of the distortion coefficients


%-- Extrinsic parameters:
%-- The rotation (omc_kk) and the translation (Tc_kk) vectors for every calibration image and their uncertainties

%-- Image #1:
omc_1 = [ -2.037509e+00 ; -1.995332e+00 ; -2.025446e-01 ];
Tc_1  = [ 1.972167e-01 ; -8.095657e-01 ; 3.720816e+00 ];
omc_error_1 = [ 4.465532e-02 ; 4.465533e-02 ; 8.757972e-02 ];
Tc_error_1  = [ 5.197693e-02 ; 5.729685e-02 ; 9.700302e-02 ];

%-- Image #2:
omc_2 = [ 2.182819e+00 ; 2.190516e+00 ; 4.682755e-01 ];
Tc_2  = [ -1.817221e-01 ; -4.679839e-01 ; 2.179121e+00 ];
omc_error_2 = [ 1.802943e-02 ; 1.962348e-02 ; 3.446492e-02 ];
Tc_error_2  = [ 3.033784e-02 ; 3.332449e-02 ; 5.692891e-02 ];

%-- Image #3:
omc_3 = [ -1.833898e+00 ; -1.964847e+00 ; 2.221727e-01 ];
Tc_3  = [ 3.200241e-01 ; -4.439061e-01 ; 2.068786e+00 ];
omc_error_3 = [ 1.527422e-02 ; 1.692959e-02 ; 3.031059e-02 ];
Tc_error_3  = [ 2.956985e-02 ; 3.181465e-02 ; 5.190059e-02 ];

%-- Image #4:
omc_4 = [ -2.146097e+00 ; -2.151813e+00 ; -4.329650e-01 ];
Tc_4  = [ -1.351103e-01 ; -3.892161e-01 ; 1.885365e+00 ];
omc_error_4 = [ 1.799191e-02 ; 1.866307e-02 ; 3.065825e-02 ];
Tc_error_4  = [ 2.629092e-02 ; 2.872223e-02 ; 4.868186e-02 ];

%-- Image #5:
omc_5 = [ -2.045523e+00 ; -2.005884e+00 ; -1.506871e-01 ];
Tc_5  = [ -2.802769e-02 ; -3.397971e-01 ; 1.825664e+00 ];
omc_error_5 = [ 1.656021e-02 ; 1.799677e-02 ; 3.269145e-02 ];
Tc_error_5  = [ 2.531506e-02 ; 2.786907e-02 ; 4.647559e-02 ];

%-- Image #6:
omc_6 = [ -1.998839e+00 ; -1.968247e+00 ; -1.059970e-01 ];
Tc_6  = [ -3.932415e-03 ; -3.134454e-01 ; 1.720005e+00 ];
omc_error_6 = [ 1.327073e-02 ; 1.466210e-02 ; 2.581211e-02 ];
Tc_error_6  = [ 2.386347e-02 ; 2.625141e-02 ; 4.363760e-02 ];

%-- Image #7:
omc_7 = [ -1.773600e+00 ; -1.730273e+00 ; -3.535700e-01 ];
Tc_7  = [ -3.568322e-02 ; -3.236826e-01 ; 1.662537e+00 ];
omc_error_7 = [ 9.828270e-03 ; 1.218118e-02 ; 1.521525e-02 ];
Tc_error_7  = [ 2.313424e-02 ; 2.541236e-02 ; 4.240370e-02 ];

%-- Image #8:
omc_8 = [ -2.076523e+00 ; -2.283331e+00 ; 3.904977e-01 ];
Tc_8  = [ -1.556416e-01 ; -3.649759e-01 ; 1.653785e+00 ];
omc_error_8 = [ 1.451786e-02 ; 9.534010e-03 ; 2.370636e-02 ];
Tc_error_8  = [ 2.307391e-02 ; 2.504782e-02 ; 4.061313e-02 ];

%-- Image #9:
omc_9 = [ -1.935660e+00 ; -1.905515e+00 ; 5.823808e-03 ];
Tc_9  = [ -1.143275e-01 ; -2.812124e-01 ; 1.453104e+00 ];
omc_error_9 = [ 1.096438e-02 ; 1.021125e-02 ; 1.805214e-02 ];
Tc_error_9  = [ 2.008636e-02 ; 2.210194e-02 ; 3.610725e-02 ];

%-- Image #10:
omc_10 = [ -2.097456e+00 ; -2.055843e+00 ; -2.105161e-01 ];
Tc_10  = [ -3.491110e-01 ; -2.330026e-01 ; 1.413457e+00 ];
omc_error_10 = [ 1.274880e-02 ; 1.206938e-02 ; 2.254842e-02 ];
Tc_error_10  = [ 1.947656e-02 ; 2.166899e-02 ; 3.632784e-02 ];

%-- Image #11:
omc_11 = [ -2.161342e+00 ; -2.082925e+00 ; -3.789290e-01 ];
Tc_11  = [ -4.201168e-01 ; -1.807592e-01 ; 1.211552e+00 ];
omc_error_11 = [ 1.380695e-02 ; 1.299958e-02 ; 2.283837e-02 ];
Tc_error_11  = [ 1.696646e-02 ; 1.868933e-02 ; 3.147847e-02 ];

%-- Image #12:
omc_12 = [ -1.961333e+00 ; -1.965804e+00 ; 3.421690e-02 ];
Tc_12  = [ 1.835074e-01 ; -7.751981e-01 ; 3.585039e+00 ];
omc_error_12 = [ 2.692756e-02 ; 2.749115e-02 ; 5.297814e-02 ];
Tc_error_12  = [ 5.031303e-02 ; 5.503610e-02 ; 9.123094e-02 ];

%-- Image #13:
omc_13 = [ -2.004421e+00 ; -1.953786e+00 ; -4.646826e-01 ];
Tc_13  = [ -3.915716e-01 ; -1.689173e-01 ; 1.190821e+00 ];
omc_error_13 = [ 1.179075e-02 ; 1.361728e-02 ; 1.611237e-02 ];
Tc_error_13  = [ 1.651741e-02 ; 1.833189e-02 ; 3.132713e-02 ];

%-- Image #14:
omc_14 = [ -2.186016e+00 ; -2.179817e+00 ; 9.809835e-02 ];
Tc_14  = [ -2.447236e-01 ; -1.841286e-01 ; 1.181127e+00 ];
omc_error_14 = [ 1.179330e-02 ; 9.603185e-03 ; 2.415738e-02 ];
Tc_error_14  = [ 1.623940e-02 ; 1.793430e-02 ; 2.997800e-02 ];

%-- Image #15:
omc_15 = [ -1.897143e+00 ; -1.850444e+00 ; -3.395942e-01 ];
Tc_15  = [ -3.275933e-01 ; -1.270174e-01 ; 1.032135e+00 ];
omc_error_15 = [ 1.152026e-02 ; 1.298967e-02 ; 1.413152e-02 ];
Tc_error_15  = [ 1.413222e-02 ; 1.584488e-02 ; 2.710012e-02 ];

%-- Image #16:
omc_16 = [ -2.108291e+00 ; -2.108079e+00 ; -9.891840e-02 ];
Tc_16  = [ -3.601692e-01 ; -2.003469e-01 ; 1.011311e+00 ];
omc_error_16 = [ 1.130396e-02 ; 9.371561e-03 ; 1.948907e-02 ];
Tc_error_16  = [ 1.391772e-02 ; 1.566679e-02 ; 2.668716e-02 ];

%-- Image #17:
omc_17 = [ 2.197212e+00 ; 2.092548e+00 ; 5.907900e-02 ];
Tc_17  = [ -4.501559e-01 ; -2.215403e-01 ; 1.348334e+00 ];
omc_error_17 = [ 1.174992e-02 ; 1.488785e-02 ; 2.826521e-02 ];
Tc_error_17  = [ 1.876120e-02 ; 2.073163e-02 ; 3.507811e-02 ];

%-- Image #18:
omc_18 = [ -2.025287e+00 ; -2.158229e+00 ; 4.268807e-01 ];
Tc_18  = [ -6.104030e-02 ; -2.804002e-01 ; 1.571547e+00 ];
omc_error_18 = [ 1.351663e-02 ; 9.516620e-03 ; 2.334242e-02 ];
Tc_error_18  = [ 2.180061e-02 ; 2.370744e-02 ; 3.812755e-02 ];

%-- Image #19:
omc_19 = [ -1.795855e+00 ; -1.840980e+00 ; -1.871452e-01 ];
Tc_19  = [ 2.930937e-01 ; -7.742557e-01 ; 3.371702e+00 ];
omc_error_19 = [ 1.506398e-02 ; 1.792525e-02 ; 2.874410e-02 ];
Tc_error_19  = [ 4.758003e-02 ; 5.205770e-02 ; 8.638543e-02 ];

%-- Image #20:
omc_20 = [ -1.794675e+00 ; -1.990250e+00 ; 2.066038e-01 ];
Tc_20  = [ 3.746754e-01 ; -7.545463e-01 ; 3.084778e+00 ];
omc_error_20 = [ 1.753060e-02 ; 1.886260e-02 ; 3.405585e-02 ];
Tc_error_20  = [ 4.386342e-02 ; 4.758615e-02 ; 7.855926e-02 ];

%-- Image #21:
omc_21 = [ -1.837250e+00 ; -1.893926e+00 ; -4.209920e-01 ];
Tc_21  = [ 8.043437e-02 ; -7.181299e-01 ; 3.047804e+00 ];
omc_error_21 = [ 1.427941e-02 ; 1.730780e-02 ; 2.653522e-02 ];
Tc_error_21  = [ 4.273331e-02 ; 4.697634e-02 ; 7.861692e-02 ];

%-- Image #22:
omc_22 = [ -2.087429e+00 ; -2.248795e+00 ; 3.836735e-01 ];
Tc_22  = [ 1.275479e-02 ; -6.471979e-01 ; 2.875111e+00 ];
omc_error_22 = [ 1.796584e-02 ; 1.264481e-02 ; 3.072767e-02 ];
Tc_error_22  = [ 4.019955e-02 ; 4.386596e-02 ; 7.196931e-02 ];

%-- Image #23:
omc_23 = [ -1.777399e+00 ; -1.867843e+00 ; 1.789597e-01 ];
Tc_23  = [ 3.209491e-01 ; -6.367964e-01 ; 2.851762e+00 ];
omc_error_23 = [ 1.410954e-02 ; 1.484856e-02 ; 2.570785e-02 ];
Tc_error_23  = [ 4.040854e-02 ; 4.381361e-02 ; 7.165689e-02 ];

%-- Image #24:
